fid: 156.52668067560109
fid: 140.2120362854077