fid: 148.53858772954845
fid: 161.61706384236084